p_3_Manhattan = 271151.2400000001
p_3_Manhattan = 271151.2400000001
