p_10_v_30_Mapbox = 129204.88602400006
p_5_v_30_Mapbox = 231448.5773780002
p_3_v_30_Mapbox = 355938.192791
