p_3_Mapbox = 355938.192791
p_5_Mapbox = 231448.5773780002
p_10_Mapbox = 129204.88602400006
