p_3_Manhattan = 347205.49999999965
p_3_Mapbox = 355938.192791
p_5_Manhattan = 218435.2400000001
p_3_Manhattan = 347205.49999999965
p_3_Mapbox = 355938.192791
p_5_Manhattan = 218435.2400000001
p_5_Mapbox = 231448.5773780002
p_10_Manhattan = 116206.49000000024
p_10_Mapbox = 129204.88602400006
