v_15_Manhattan_caso_base = 951511.8600000123
v_15_Mapbox_caso_base = 923314.1771720065
v_30_Manhattan_caso_base = 951511.8600000123
v_30_Mapbox_caso_base = 923314.1771720065
v_45_Manhattan_caso_base = 951511.8600000123
v_45_Mapbox_caso_base = 923314.1771720065

p_10_v_45_Manhattan = 116206.49000000024
p_5_v_45_Manhattan = 218435.2400000001
p_3_v_45_Manhattan = 347205.49999999965
p_10_v_30_Manhattan = 116206.49000000024
p_5_v_30_Manhattan = 218435.2400000001
p_3_v_30_Manhattan = 347205.49999999965
p_10_v_45_Mapbox = 129204.88602400006
p_5_v_45_Mapbox = 231448.5773780002
p_3_v_45_Mapbox = 355938.192791
p_10_v_30_Mapbox = 129204.88602400006
p_5_v_30_Mapbox = 231448.5773780002
p_3_v_30_Mapbox = 355938.192791
p_10_v_15_Mapbox = 129204.88602400006
p_5_v_15_Mapbox = 231448.5773780002
p_3_v_15_Mapbox = 355938.192791
