p_10_v_45_Manhattan = 116206.48999999884
p_5_v_45_Manhattan = 218435.24000000142
p_3_v_45_Manhattan = 347205.4999999972
p_10_v_30_Manhattan = 116206.48999999884
p_5_v_30_Manhattan = 218435.24000000142
p_3_v_30_Manhattan = 347205.4999999972
p_10_v_45_Mapbox = 129204.89020499938
p_5_v_45_Mapbox = 231448.57510500064
p_3_v_45_Mapbox = 355938.1916550034
p_10_v_30_Mapbox = 129204.89020499938
p_5_v_30_Mapbox = 231448.57510500064
p_3_v_30_Mapbox = 355938.1916550034
p_10_v_15_Mapbox = 129204.89020499938
p_5_v_15_Mapbox = 231448.57510500064
p_3_v_15_Mapbox = 355938.1916550034
